addPolygon called with: {simplify: true, noMerge: false, mergePolygons: true, kinks: false, currentPolygonHasKinks: false, …}
polydraw.ts:680 Adding polygon directly without merging
polydraw.ts:665 addPolygon called with: {simplify: true, noMerge: false, mergePolygons: true, kinks: false, currentPolygonHasKinks: false, …}
polydraw.ts:677 Merging polygon with existing polygons
polydraw.ts:1231 === BEFORE MERGE ===
polydraw.ts:1232 Total feature groups: 1
polydraw.ts:1240 FeatureGroup 0: [[[OTHER]]] (length: 1)
polydraw.ts:1248   Ring coords: first2=[[[15.178986,58.444858],[15.176239,58.450607],[15.176239,58.464975],[15.177612,58.471439],[15.180359,58.479337],[15.183105,58.485799],[15.185852,58.490823],[15.194092,58.499435],[15.206451,58.510914],[15.214691,58.51952],[15.227051,58.528125],[15.244904,58.539595],[15.26413,58.550344],[15.283356,58.560374],[15.303955,58.569685],[15.324554,58.577561],[15.345154,58.58472],[15.363007,58.58973],[15.379486,58.593309],[15.409698,58.597602],[15.438538,58.597602],[15.544281,58.627642],[15.559387,58.624067],[15.571747,58.620492],[15.58548,58.616201],[15.601959,58.608334],[15.617065,58.600464],[15.630798,58.591162],[15.640411,58.581857],[15.645905,58.573265],[15.647278,58.564671],[15.647278,58.550344],[15.639038,58.53171],[15.632172,58.522389],[15.621185,58.512348],[15.608826,58.501587],[15.592346,58.490105],[15.574493,58.479337],[15.552521,58.468566],[15.529175,58.45851],[15.509949,58.450607],[15.48111,58.441983],[15.450897,58.434077],[15.422058,58.426887],[15.393219,58.421134],[15.37674,58.418257],[15.313568,58.417538],[15.292969,58.417538],[15.272369,58.418257],[15.254517,58.420415],[15.236664,58.423292],[15.220184,58.426887],[15.206451,58.430482],[15.195465,58.434795],[15.185852,58.439108],[15.178986,58.444858]]], last2=[[[15.178986,58.444858],[15.176239,58.450607],[15.176239,58.464975],[15.177612,58.471439],[15.180359,58.479337],[15.183105,58.485799],[15.185852,58.490823],[15.194092,58.499435],[15.206451,58.510914],[15.214691,58.51952],[15.227051,58.528125],[15.244904,58.539595],[15.26413,58.550344],[15.283356,58.560374],[15.303955,58.569685],[15.324554,58.577561],[15.345154,58.58472],[15.363007,58.58973],[15.379486,58.593309],[15.409698,58.597602],[15.438538,58.597602],[15.544281,58.627642],[15.559387,58.624067],[15.571747,58.620492],[15.58548,58.616201],[15.601959,58.608334],[15.617065,58.600464],[15.630798,58.591162],[15.640411,58.581857],[15.645905,58.573265],[15.647278,58.564671],[15.647278,58.550344],[15.639038,58.53171],[15.632172,58.522389],[15.621185,58.512348],[15.608826,58.501587],[15.592346,58.490105],[15.574493,58.479337],[15.552521,58.468566],[15.529175,58.45851],[15.509949,58.450607],[15.48111,58.441983],[15.450897,58.434077],[15.422058,58.426887],[15.393219,58.421134],[15.37674,58.418257],[15.313568,58.417538],[15.292969,58.417538],[15.272369,58.418257],[15.254517,58.420415],[15.236664,58.423292],[15.220184,58.426887],[15.206451,58.430482],[15.195465,58.434795],[15.185852,58.439108],[15.178986,58.444858]]]
polydraw.ts:1258 === End BEFORE MERGE ===
polydraw.ts:1327 merge: Skipping invalid existing polygon
(anonymous) @ polydraw.ts:1327
merge @ polydraw.ts:1309
addPolygon @ polydraw.ts:678
mouseUpLeave @ polydraw.ts:645
fire @ leaflet.js?v=d09e8d0b:388
_fireDOMEvent @ leaflet.js?v=d09e8d0b:2960
_handleDOMEvent @ leaflet.js?v=d09e8d0b:2924
handler @ leaflet.js?v=d09e8d0b:1734Understand this warning
polydraw.ts:1231 === AFTER MERGE ===
polydraw.ts:1232 Total feature groups: 2
polydraw.ts:1240 FeatureGroup 0: [[[OTHER]]] (length: 1)
polydraw.ts:1248   Ring coords: first2=[[[15.178986,58.444858],[15.176239,58.450607],[15.176239,58.464975],[15.177612,58.471439],[15.180359,58.479337],[15.183105,58.485799],[15.185852,58.490823],[15.194092,58.499435],[15.206451,58.510914],[15.214691,58.51952],[15.227051,58.528125],[15.244904,58.539595],[15.26413,58.550344],[15.283356,58.560374],[15.303955,58.569685],[15.324554,58.577561],[15.345154,58.58472],[15.363007,58.58973],[15.379486,58.593309],[15.409698,58.597602],[15.438538,58.597602],[15.544281,58.627642],[15.559387,58.624067],[15.571747,58.620492],[15.58548,58.616201],[15.601959,58.608334],[15.617065,58.600464],[15.630798,58.591162],[15.640411,58.581857],[15.645905,58.573265],[15.647278,58.564671],[15.647278,58.550344],[15.639038,58.53171],[15.632172,58.522389],[15.621185,58.512348],[15.608826,58.501587],[15.592346,58.490105],[15.574493,58.479337],[15.552521,58.468566],[15.529175,58.45851],[15.509949,58.450607],[15.48111,58.441983],[15.450897,58.434077],[15.422058,58.426887],[15.393219,58.421134],[15.37674,58.418257],[15.313568,58.417538],[15.292969,58.417538],[15.272369,58.418257],[15.254517,58.420415],[15.236664,58.423292],[15.220184,58.426887],[15.206451,58.430482],[15.195465,58.434795],[15.185852,58.439108],[15.178986,58.444858]]], last2=[[[15.178986,58.444858],[15.176239,58.450607],[15.176239,58.464975],[15.177612,58.471439],[15.180359,58.479337],[15.183105,58.485799],[15.185852,58.490823],[15.194092,58.499435],[15.206451,58.510914],[15.214691,58.51952],[15.227051,58.528125],[15.244904,58.539595],[15.26413,58.550344],[15.283356,58.560374],[15.303955,58.569685],[15.324554,58.577561],[15.345154,58.58472],[15.363007,58.58973],[15.379486,58.593309],[15.409698,58.597602],[15.438538,58.597602],[15.544281,58.627642],[15.559387,58.624067],[15.571747,58.620492],[15.58548,58.616201],[15.601959,58.608334],[15.617065,58.600464],[15.630798,58.591162],[15.640411,58.581857],[15.645905,58.573265],[15.647278,58.564671],[15.647278,58.550344],[15.639038,58.53171],[15.632172,58.522389],[15.621185,58.512348],[15.608826,58.501587],[15.592346,58.490105],[15.574493,58.479337],[15.552521,58.468566],[15.529175,58.45851],[15.509949,58.450607],[15.48111,58.441983],[15.450897,58.434077],[15.422058,58.426887],[15.393219,58.421134],[15.37674,58.418257],[15.313568,58.417538],[15.292969,58.417538],[15.272369,58.418257],[15.254517,58.420415],[15.236664,58.423292],[15.220184,58.426887],[15.206451,58.430482],[15.195465,58.434795],[15.185852,58.439108],[15.178986,58.444858]]]
polydraw.ts:1240 FeatureGroup 1: [[[OTHER]]] (length: 1)
polydraw.ts:1248   Ring coords: first2=[[[15.500336,58.505892],[15.497589,58.510914],[15.497589,58.53171],[15.498962,58.536728],[15.501709,58.542462],[15.504456,58.547478],[15.512695,58.556076],[15.526428,58.566104],[15.533295,58.570401],[15.541534,58.574697],[15.56488,58.58472],[15.574493,58.588299],[15.586853,58.593309],[15.611572,58.60118],[15.626678,58.606188],[15.659637,58.616201],[15.67749,58.621207],[15.696716,58.626212],[15.713196,58.630502],[15.731049,58.634791],[15.764008,58.640509],[15.780487,58.642653],[15.79422,58.644082],[15.817566,58.645511],[15.872498,58.645511],[16.00296,58.601895],[16.005707,58.592593],[16.005707,58.586151],[16.00296,58.564671],[15.99472,58.556076],[15.986481,58.548911],[15.978241,58.543895],[15.963135,58.536728],[15.931549,58.52454],[15.884857,58.511631],[15.864258,58.50661],[15.80658,58.494411],[15.773621,58.48867],[15.747528,58.484363],[15.704956,58.477901],[15.688477,58.475747],[15.666504,58.473593],[15.608826,58.473593],[15.578613,58.475029],[15.56488,58.477183],[15.551147,58.480055],[15.538788,58.482927],[15.530548,58.485799],[15.522308,58.489388],[15.514069,58.493694],[15.505829,58.500152],[15.500336,58.505892]]], last2=[[[15.500336,58.505892],[15.497589,58.510914],[15.497589,58.53171],[15.498962,58.536728],[15.501709,58.542462],[15.504456,58.547478],[15.512695,58.556076],[15.526428,58.566104],[15.533295,58.570401],[15.541534,58.574697],[15.56488,58.58472],[15.574493,58.588299],[15.586853,58.593309],[15.611572,58.60118],[15.626678,58.606188],[15.659637,58.616201],[15.67749,58.621207],[15.696716,58.626212],[15.713196,58.630502],[15.731049,58.634791],[15.764008,58.640509],[15.780487,58.642653],[15.79422,58.644082],[15.817566,58.645511],[15.872498,58.645511],[16.00296,58.601895],[16.005707,58.592593],[16.005707,58.586151],[16.00296,58.564671],[15.99472,58.556076],[15.986481,58.548911],[15.978241,58.543895],[15.963135,58.536728],[15.931549,58.52454],[15.884857,58.511631],[15.864258,58.50661],[15.80658,58.494411],[15.773621,58.48867],[15.747528,58.484363],[15.704956,58.477901],[15.688477,58.475747],[15.666504,58.473593],[15.608826,58.473593],[15.578613,58.475029],[15.56488,58.477183],[15.551147,58.480055],[15.538788,58.482927],[15.530548,58.485799],[15.522308,58.489388],[15.514069,58.493694],[15.505829,58.500152],[15.500336,58.505892]]]
polydraw.ts:1258 === End AFTER MERGE ===